#
# NCEP GRIB GDS parametres for Lambert Conform grids 
# From http://www.nco.ncep.noaa.gov/pmb/docs/on388/tableb.html
#
# order of parameters from GRIB edition 1, office note 388
# gridcode centercode  subcentercode	gridtyp
# grid,        met,     met,    proj, 	fst,  	xlat11,	        xlon11,    	  dx (km),	     	dy (km),	   	yaxis,	latin1,	latin2,	ni,   nj,	xlatninj,        xlonninj,'001,007,008,009,010,011,012,013,014,015,016,017,018,019,020,021,022,023,024,025,026,027,028,029,030,031,032,033,034,035,036,037,038,039,040,041,042'
#
# Regional - Central US MARD (Lambert Conformal)
  206,	        0,      0,     3,   	 'H', 	22.289,	        -117.991,  	  81.2705,     	81.2705,     	 265.0,	25.0,   25.0, 	 51,     41,  	51.072,           -73.182, '000,000,000,000,000,000,000,000,000,000,000,000,000,000,000,000,000,000,000,000,000,000,000,000,000,000,000,000,000,000,000,000,000,000,000,000,000'
#
# Regional - NOAMIM - Intermediate Resolution North American Master Grid (Lambert Conformal)
  209,          0,      0,      3,      'H',    -4.850,         -151.100,       44.00000,       44.00000,       249.0,  45.0,   45.0,   275,   223,     46.455,          -1.266, '000,000,000,000,000,000,000,000,000,000,000,000,000,000,000,000,000,000,000,000,000,000,000,000,000,000,000,000,000,000,000,000,000,000,000,000,000'
#
# Regional - CONUS (Lambert Conformal)
  211,          0,      0,      3,      'H',    12.190,         -133.459,       81.27055,       81.27055,       265.0,  25.0,   25.0,    93,    65,     57.290,         -49.385, '036,000,093,000,065,000,047,158,003,116,237,008,004,011,040,001,061,119,001,061,119,000,064,000,097,168,000,097,168,000,000,000,000,000,000,000,000'
#
# Regional - CONUS - Double Resolution (Lambert Conformal)
  212,          0,      0,      3,      'H',    12.190,         -133.459,       40.63525,       40.63525,       265.0,  25.0,   25.0,   185,   129,     57.290,         -49.385, '036,000,185,000,129,000,047,158,003,116,237,008,004,011,040,000,158,187,000,158,187,000,064,000,097,168,000,097,168,129,095,144,000,000,000,000,000'
#
# grid over the contiguous United States - Quadruple Resolution (used by the 29-km NAM model)(Lambert Conformal)
  215,          0,      0,      3,      'H',    12.190,         -133.459,       20.317625,      20.317625,      265.0,  25.0,   25.0,   369,   257,     57.290,         -49.385, '000,000,000,000,000,000,000,000,000,000,000,000,000,000,000,000,000,000,000,000,000,000,000,000,000,000,000,000,000,000,000,000,000,000,000,000,000'
#
# Grid over the Contiguous United States (used by the 12-km NAM Model) (Lambert Conformal)
  218,          0,      0,      3,      'H',    12.190,         -133.459,       12.19058,       12.19058,       265.0,  25.0,   25.0,   614,   428,     57.328,         -49.420, '000,000,000,000,000,000,000,000,000,000,000,000,000,000,000,000,000,000,000,000,000,000,000,000,000,000,000,000,000,000,000,000,000,000,000,000,000'
#
# NCEP NARR - old Regional - NOAMHI - High Resolution North American Master Grid (Lambert Conformal)
  221,          0,      0,      3,      'H',    1.000,         -145.500,       32.46341,       32.46341,        253.0,  50.0,   50.0,   349,   277,     46.352,          -2.566, '000,000,000,000,000,000,000,000,000,000,000,000,000,000,000,000,000,000,000,000,000,000,000,000,000,000,000,000,000,000,000,000,000,000,000,000,000'
#
# Regional - NOAMLO - Low Resolution North American Master Grid (Lambert Conformal)
  222,          0,      0,      3,      'H',   -4.850,         -151.100,       88.00000,       88.00000,        249.0,  45.0,   45.0,   138,   112,     46.455,          -1.266, '000,000,000,000,000,000,000,000,000,000,000,000,000,000,000,000,000,000,000,000,000,000,000,000,000,000,000,000,000,000,000,000,000,000,000,000,000'
#
# Grid over the contiguous United States - 8X Resolution (10 km) (Used by the Radar mosaics) (Lambert Conformal)
  226,          0,      0,      3,      'H',   12.190,         -133.359,       10.1588125,     10.1588125,      265.0,  25.0,   25.0,   737,   517,     57.290,         -49.385, '000,000,000,000,000,000,000,000,000,000,000,000,000,000,000,000,000,000,000,000,000,000,000,000,000,000,000,000,000,000,000,000,000,000,000,000,000'
#
# Regional grid over the contiguous United States - 16X Resolution (5 km - Lambert Conformal) (Used for Smoke and Dust system output products)
  227,          0,      0,      3,      'H',   12.190,         -133.359,        5.079,          5.079,          265.0,  25.0,   25.0,  1473,  1025,     57.290,         -49.385, '000,000,000,000,000,000,000,000,000,000,000,000,000,000,000,000,000,000,000,000,000,000,000,000,000,000,000,000,000,000,000,000,000,000,000,000,000'
#
# Regional - CONUS v2 (Lambert Conformal)
  236,          0,      0,      3,      'H',   16.281,         -126.138,       40.63525,       40.63525,        265.0,  25.0,   25.0,   151,   113,     55.481,         -57.381, '000,000,000,000,000,000,000,000,000,000,000,000,000,000,000,000,000,000,000,000,000,000,000,000,000,000,000,000,000,000,000,000,000,000,000,000,000'
#
# Regional - NOAMHI - High Resolution North American Grid (Lambert Conformal)
  241,          0,      0,      3,      'H',   -4.850,         -151.100,       22.00000,       22.00000,        249.0,  45.0,   45.0,   549,   445,     46.455,          -1.266, '000,000,000,000,000,000,000,000,000,000,000,000,000,000,000,000,000,000,000,000,000,000,000,000,000,000,000,000,000,000,000,000,000,000,000,000,000'
#
# Regional - NOAMHI - High Resolution over Eastern US (Lambert Conformal for 8 km NMM)
  245,          0,      0,      3,      'H',   22.980,          -92.840,        8.00000,        8.00000 ,       280.0,  35.0,   35.0,   336,   372,     49.122,         -62.070, '000,000,000,000,000,000,000,000,000,000,000,000,000,000,000,000,000,000,000,000,000,000,000,000,000,000,000,000,000,000,000,000,000,000,000,000,000'
#
# Regional - NOAMHI - High Resolution over Western US (Lambert Conformal for 8 km NMM)
  246,          0,      0,      3,      'H',   25.970,         -127.973,        8.00000,        8.00000,        245.0,  40.0,   40.0,   332,   371,     51.968,         -96.061, '000,000,000,000,000,000,000,000,000,000,000,000,000,000,000,000,000,000,000,000,000,000,000,000,000,000,000,000,000,000,000,000,000,000,000,000,000'
#
# Regional - NOAMHI - High Resolution over Central US (Lambert Conformal for 8 km NMM)
  247,          0,      0,      3,      'H',   22.980,         -110.840,        8.00000,        8.00000,        262.0,  35.0,   35.0,   336,   372,     49.122,         -80.070, '000,000,000,000,000,000,000,000,000,000,000,000,000,000,000,000,000,000,000,000,000,000,000,000,000,000,000,000,000,000,000,000,000,000,000,000,000'
#
# Regional - CONUS v3 (Lambert Conformal)
  252,          0,      0,      3,      'H',   16.281,         -126.138,       20.317625,      20.317625,       265.0,  25.0,   25.0,   301,   225,     55.481,         -57.383, '000,000,000,000,000,000,000,000,000,000,000,000,000,000,000,000,000,000,000,000,000,000,000,000,000,000,000,000,000,000,000,000,000,000,000,000,000'
#
# Last updated: July 13, 2012 by Bernard Dugas, RPN/UQAM.
#